[[0, 2.0], [1, 0.0]]
[[0, 1.6205459295127345], [2, 0.0]]
[[0, 1.214972347229377], [3, 1.8971588149587177], [4, 0.0]]
[[0, 1.3986890367396447], [2, 1.0893246187363834], [4, 1.4303123229988501], [6, 1.7658010945141505], [7, 0.0]]
[[0, 1.2132467129102391], [2, 1.1157981718762753], [4, 1.195449259395275], [6, 1.1893359382433348], [8, 1.4628129542034223], [10, 1.5089802432234714], [11, 0.0]]
[[0, 1.0568054040801143], [3, 1.1038772243975208], [5, 1.1489012827253042], [7, 1.1489574032249592], [9, 1.241369995789273], [11, 1.1955757956796036], [13, 1.3602895566761923], [15, 1.2361110561728421], [16, 0.0]]
[[0, 1.0436256389597975], [5, 1.0790745856353592], [9, 1.173217915506857], [11, 1.1530174004161933], [13, 1.1508590801334628], [15, 1.215879503034057], [17, 1.1202162286173125], [19, 1.1913475761318755], [21, 0.9878112000404607], [22, 0.0]]
[[0, 1.0995618310783262], [4, 1.058797466704892], [11, 1.000378810109428], [13, 1.021010021804475], [15, 0.9925316248933737], [17, 0.957617239929544], [19, 0.9274821329841902], [21, 0.9393094857934324], [23, 0.8191521709498496], [25, 0.8139377396232705], [27, 0.6221877115438219], [29, 0.0]]
[[0, 1.0849868425654836], [6, 1.059995286926219], [17, 1.008080775496379], [19, 1.0004184790514612], [21, 0.9816957353318536], [23, 0.9495692970712896], [25, 0.9054569645721492], [27, 0.8606349695954879], [29, 0.8491958590764227], [31, 0.7161693077717548], [33, 0.6829526282202583], [35, 0.49715737345634625], [37, 0.0]]
[[0, 1.024199792701962], [22, 1.0014939207778248], [24, 1.0008913080082287], [26, 0.9846289984769162], [28, 0.945167806150892], [30, 0.9212510705907179], [32, 0.8812661548675703], [34, 0.8273359200928522], [36, 0.7706850094983625], [38, 0.7417869350550703], [40, 0.6073401675027986], [42, 0.559567330006131], [44, 0.3916299223808292], [46, 0.0]]
[[0, 1.0207518858391091], [28, 0.9944146687048837], [30, 0.9859763668940617], [32, 0.972885353690957], [34, 0.9569451249387556], [36, 0.9153635144846234], [38, 0.8722142732102219], [40, 0.8414175551091299], [42, 0.7942576713490652], [44, 0.7335570545419036], [46, 0.6701636700521548], [48, 0.6306359684243699], [50, 0.5032098076262452], [52, 0.4503940984392871], [54, 0.30523205841076945], [56, 0.0]]
[[0, 1.052850946179548], [37, 0.9703114550492022], [39, 0.9543036480859391], [41, 0.9386047786333548], [43, 0.9127651918115974], [45, 0.8766892456146944], [47, 0.8323534767313922], [49, 0.7856041323430983], [51, 0.7491334654920422], [53, 0.6975289840432154], [55, 0.6341092585065199], [57, 0.5689957333253427], [59, 0.5247548613962046], [61, 0.40947275807222583], [63, 0.35760647861639133], [65, 0.23594621302175448], [67, 0.0]]
[[0, 1.046649312645654], [45, 0.9535163713981316], [49, 0.9145380187437421], [51, 0.8921319523781522], [53, 0.8658960383247368], [55, 0.825209986233937], [57, 0.786847965806969], [59, 0.7405545099823516], [61, 0.6918509075596151], [63, 0.6520419218534538], [65, 0.5991412026405927], [67, 0.5366824977412966], [69, 0.4737834756452552], [71, 0.42920994384807687], [73, 0.3284756543305109], [75, 0.28090715843127784], [77, 0.18120194234565884], [79, 0.0]]
[[0, 1.0141370707664847], [50, 0.9597685917059787], [60, 0.8698812964656832], [62, 0.8411829750344548], [64, 0.8108657663914008], [66, 0.773520103106782], [68, 0.7320758028023117], [70, 0.6924686863469901], [72, 0.6458177188960409], [74, 0.5972175540513037], [76, 0.5565199714701853], [78, 0.5050503651231312], [80, 0.44630860367590336], [82, 0.38825553195356344], [84, 0.3462064371486753], [86, 0.26049446768101403], [88, 0.2187698818068586], [90, 0.13842541353451668], [92, 0.0]]
[[0, 1.0126807888378273], [58, 0.951123215948311], [70, 0.8417833528602501], [74, 0.7885679102067183], [76, 0.7544891743720332], [78, 0.7165604829994957], [80, 0.6790975807374534], [82, 0.6379989573157521], [84, 0.5985667574566784], [86, 0.5532373502340222], [88, 0.5065982205404365], [90, 0.4670675342446443], [92, 0.4190207170738405], [94, 0.3657405950947082], [96, 0.3139945422509334], [98, 0.2760822352946498], [100, 0.20465731681146493], [102, 0.16918821534401654], [104, 0.10528694219281252], [106, 0.0]]
[[0, 1.0337439427901771], [69, 0.9259797083302733], [83, 0.7877578107935954], [87, 0.7307349212389683], [89, 0.6989673584814973], [91, 0.6602262541498509], [93, 0.6231979381802148], [95, 0.5866347573115475], [97, 0.5470757827803798], [99, 0.5091611186071416], [101, 0.4665496500576771], [103, 0.42326738037447986], [105, 0.38638340499576856], [107, 0.3429904818769317], [109, 0.29603998724366065], [111, 0.25115694542746153], [113, 0.21808426585095345], [115, 0.15954845802022918], [117, 0.13008594847300992], [119, 0.0797893157627779], [121, 0.0]]
[[0, 1.0306804873749098], [77, 0.9242273015722379], [95, 0.754758707358025], [101, 0.671155658753307], [103, 0.6408865848752392], [105, 0.6062028341982172], [107, 0.5693269011434251], [109, 0.5340630791962645], [111, 0.49936661821977235], [113, 0.46234933665950473], [115, 0.42701093981849064], [117, 0.3880818175293447], [119, 0.3490339972024741], [121, 0.31570641806651767], [123, 0.27755075782281285], [125, 0.23712845211676473], [127, 0.19903905708431788], [129, 0.17090478148548874], [131, 0.12357763004621707], [133, 0.09953483057840458], [135, 0.06027877814187574], [137, 0.0]]
[[0, 1.0095320011549045], [84, 0.9304951865670479], [108, 0.7221056341381749], [118, 0.583054473081971], [120, 0.5513204724787167], [122, 0.518699934385685], [124, 0.4843584747456238], [126, 0.4515831407979875], [128, 0.41950373285640224], [130, 0.3857373847188899], [132, 0.3536654533460147], [134, 0.3189639146920137], [136, 0.2845642252842138], [138, 0.2552216505662261], [140, 0.22239612938706077], [142, 0.18825507332783906], [144, 0.15649764903400964], [146, 0.1330321627070619], [148, 0.09519251539358928], [150, 0.07584418927012813], [152, 0.045417388151550143], [154, 0.0]]
[[0, 1.0087621076671973], [94, 0.9218702496181357], [122, 0.6868944368591002], [134, 0.528933443785452], [136, 0.4978484052079459], [138, 0.4684044915432415], [140, 0.4383606151573771], [142, 0.407047085226942], [144, 0.377260697552758], [146, 0.34828466603332214], [148, 0.3181604289829507], [150, 0.2897139498713762], [152, 0.2594208595202203], [154, 0.22971690282264084], [156, 0.20442891042568645], [158, 0.17669633913682894], [160, 0.14831464895918786], [162, 0.12222060892880846], [164, 0.10295689948625422], [166, 0.07298341749492998], [168, 0.05758772469864058], [170, 0.03414088160832871], [172, 0.0]]
[[0, 1.0238982610010352], [105, 0.9111168418404538], [137, 0.650459921997967], [151, 0.47606955419879793], [153, 0.44855847192932], [155, 0.42023039800772455], [157, 0.3934410433257526], [159, 0.36630779248886947], [161, 0.33830507455053005], [163, 0.31177926610612783], [165, 0.2861345872538651], [167, 0.2597782557777622], [169, 0.23503786011364872], [171, 0.20906060949607735], [173, 0.18384437606628562], [175, 0.16243449896880588], [177, 0.139357671461245], [179, 0.11607667040814154], [181, 0.09489633910009239], [183, 0.07928587717351995], [185, 0.055729689782688094], [187, 0.043591159783992375], [189, 0.025611827262714278], [191, 0.0]]
[[0, 1.022175633930402], [115, 0.9079433873761474], [151, 0.6349889813177843], [171, 0.4011921771746149], [173, 0.37636367643212204], [175, 0.3509920835367824], [177, 0.3270547783006245], [179, 0.3029903582397939], [181, 0.2783837264907466], [183, 0.25517921382799197], [185, 0.2328850636429324], [187, 0.2102119565659817], [189, 0.18905360517384354], [191, 0.1671184887259581], [193, 0.1460209209512439], [195, 0.12816389879557752], [197, 0.10920619692364161], [199, 0.09032375325866135], [201, 0.07330889105051289], [203, 0.060793693426700095], [205, 0.0424046858094213], [207, 0.03290807321635303], [209, 0.019179047807256138], [211, 0.0]]
[[0, 1.0069824160730505], [124, 0.9109703362096234], [166, 0.6167488808957686], [192, 0.3347648981985812], [194, 0.3127181980968086], [196, 0.2903540887078226], [198, 0.2693157936934264], [200, 0.24831775743918366], [202, 0.22703189747978111], [204, 0.20705043777816978], [206, 0.18797009176016055], [208, 0.16875064313263288], [210, 0.15091782693272862], [212, 0.13263786894958635], [214, 0.1152058850454518], [216, 0.10050057800478075], [218, 0.08509793447648109], [220, 0.06993028901237397], [222, 0.056381438739993905], [224, 0.046438603970651395], [226, 0.03216627559136397], [228, 0.02478447339453386], [230, 0.014338983424943467], [232, 0.0]]
[[0, 1.006518211940527], [136, 0.9030085484560778], [182, 0.5964096601992177], [218, 0.2380988135452071], [220, 0.21988212559094591], [222, 0.20182367469871085], [224, 0.18366477139055748], [226, 0.16669846069026545], [228, 0.15059011907954248], [230, 0.13450632732163234], [232, 0.11966415247454788], [234, 0.10460681250567137], [236, 0.09035894381565578], [238, 0.07837980518920679], [240, 0.06598321898968845], [242, 0.053900856174956706], [244, 0.04319367191907868], [246, 0.035355211981511515], [248, 0.02433339243739156], [250, 0.01862717911649381], [252, 0.010705049439715265], [254, 0.0]]
[[0, 1.018075114930125], [149, 0.8932525690376432], [199, 0.574456210261804], [241, 0.19370082529013705], [243, 0.17813669865230145], [245, 0.16280714033532076], [247, 0.14750820164241876], [249, 0.13327714674346314], [251, 0.11983999029973012], [253, 0.10653163732172402], [255, 0.09431444377625052], [257, 0.08203517451501924], [259, 0.07049916232632729], [261, 0.0608329909317574], [263, 0.050937454903994206], [265, 0.041382343596227715], [267, 0.032976420647995795], [269, 0.026837817109752096], [271, 0.018363527856489315], [273, 0.013973495745071708], [275, 0.007981767204374983], [277, 0.0]]
[[0, 1.0169841244968145], [161, 0.88953991279941], [217, 0.5511877283965771], [268, 0.15184088379088784], [270, 0.1382659740399587], [272, 0.12480082011300805], [274, 0.11232431934030827], [276, 0.10059904168982958], [278, 0.0890636672094785], [280, 0.07852111079479417], [282, 0.06800630906050495], [284, 0.058187658905718566], [286, 0.04998469550872024], [288, 0.04166242420343642], [290, 0.03368902522828223], [292, 0.026717586218829848], [294, 0.021638064333879308], [296, 0.014731746113541925], [298, 0.011153042012516374], [300, 0.006337669915574208], [301, 0.0]]
[[0, 1.005396970940006], [170, 0.8976612985186904], [234, 0.5422999468451283], [289, 0.14515300892840546], [295, 0.1098870201830749], [297, 0.09879232814839044], [299, 0.08855602427527713], [301, 0.07898391167586073], [303, 0.06963189016619621], [305, 0.061125096000557995], [307, 0.05270733143939426], [309, 0.04489545655376687], [311, 0.03839047332579941], [313, 0.03184956705885714], [315, 0.02563221700341046], [317, 0.020229847532933217], [319, 0.01630320414380675], [321, 0.011044223748305937], [323, 0.008318722474346644], [325, 0.004702632541211151], [326, 0.0]]
[[0, 1.0050917950336404], [184, 0.8899237051702532], [254, 0.5166367080688145], [311, 0.13742392303223055], [319, 0.09610643897540201], [321, 0.08685581533173625], [323, 0.07779475608917186], [325, 0.06946854690343363], [327, 0.061718960005286], [329, 0.05419571531193146], [331, 0.04738293336701343], [333, 0.04068997264352277], [335, 0.0345145208966768], [337, 0.029387921756277323], [339, 0.024275459227023857], [341, 0.019450496071498704], [343, 0.015282301800758576], [345, 0.012259991273744811], [347, 0.008266834008906583], [349, 0.006197480938553087], [351, 0.0034867446623848544], [352, 0.0]]
[[0, 1.0142869675219155], [197, 0.8870039704274879], [273, 0.5041115744802687], [332, 0.13963756748617057], [342, 0.09214930122955864], [348, 0.06831140733210848], [350, 0.06096947416803954], [352, 0.05424835906779663], [354, 0.048020904894221186], [356, 0.04201069001149353], [358, 0.03659086363786886], [360, 0.031301453325637864], [362, 0.02644705816949443], [364, 0.02242941840820622], [366, 0.018452699555247393], [368, 0.01472449668264923], [370, 0.011520922525009785], [372, 0.009203406102832734], [374, 0.006179174291875222], [376, 0.004612220253140911], [378, 0.0025834011542651674], [379, 0.0]]
[[0, 1.0135434062045854], [211, 0.8824363893761336], [293, 0.4898971895964555], [356, 0.13017384394617693], [368, 0.07994576363131715], [374, 0.05957982572372819], [376, 0.05348317174683048], [378, 0.047576148743067086], [380, 0.04218847516435859], [382, 0.03721690891699513], [384, 0.032445279457448774], [386, 0.028159187931361854], [388, 0.024001846948628853], [390, 0.020205336930752424], [392, 0.017072247951194754], [394, 0.013992451420188018], [396, 0.011122693298724541], [398, 0.008668995535103256], [400, 0.006897893757498054], [402, 0.004612772316188947], [404, 0.003429101643964482], [406, 0.001912838018845462], [407, 0.0]]
[[0, 1.0043326912299662], [222, 0.8874256235067355], [312, 0.48618148752819307], [379, 0.12928618429029146], [393, 0.07568837330517415], [401, 0.05172695446555603], [405, 0.04170103351913381], [407, 0.0369786558262279], [409, 0.03268652162592787], [411, 0.028741292413367762], [413, 0.024973972586584552], [415, 0.02160258426392576], [417, 0.01835096458756175], [419, 0.01539523747095554], [421, 0.012962752169436912], [423, 0.010586820218432175], [425, 0.008385458605988246], [427, 0.006511899575787709], [429, 0.0051624847541350905], [431, 0.003439427974722788], [433, 0.00254720704168336], [435, 0.001415469898801566], [436, 0.0]]
[[0, 1.0041188957102034], [236, 0.8850017838162971], [332, 0.4800299668507775], [403, 0.12697616595857814], [419, 0.0710431622415835], [429, 0.044912959042690694], [433, 0.03630242390016096], [435, 0.03239160824832587], [437, 0.028638135324356943], [439, 0.025237772895038788], [441, 0.022123778378360857], [443, 0.01916437816524606], [445, 0.016525213011770987], [447, 0.013993118079309575], [449, 0.011701502382403299], [451, 0.009820479347837285], [453, 0.007993940127290211], [455, 0.006310500359902418], [457, 0.004883924681840782], [459, 0.0038585811248383296], [461, 0.002561768983208424], [463, 0.0018905515811198676], [465, 0.0010468250649857459], [466, 0.0]]
[[0, 1.0116589629939448], [253, 0.8762137205083597], [357, 0.4508920119201001], [428, 0.12348702073555395], [446, 0.06626804312202512], [458, 0.03879394506560978], [464, 0.0281786454912338], [466, 0.025073238703946468], [468, 0.022105446920357034], [470, 0.019425271640166795], [472, 0.016979356852701247], [474, 0.014665069571996231], [476, 0.012608104672278759], [478, 0.010644276379751186], [480, 0.008874065969458236], [482, 0.007424695762853753], [484, 0.0060249695226686165], [486, 0.004741210288250649], [488, 0.0036577207014131794], [490, 0.0028804943165215637], [492, 0.0019061823542009056], [494, 0.001402102236136233], [496, 0.000773780803103588], [497, 0.0]]
[[0, 1.011127294929706], [267, 0.8760634465847408], [379, 0.4422502208222809], [454, 0.1191567605844369], [474, 0.061445358658146675], [486, 0.03685594711927012], [494, 0.024399179488966805], [498, 0.019346538113843216], [500, 0.01701119238152293], [502, 0.014908317186096984], [504, 0.012995682275835547], [506, 0.01119329172760179], [508, 0.009596478070984878], [510, 0.008078778585787556], [512, 0.006715987012098424], [514, 0.005602816528392281], [516, 0.004533269097045494], [518, 0.0035568058290615977], [520, 0.0027357861506080473], [522, 0.0021479475745950953], [524, 0.0014170722785438554], [526, 0.0010391186668803078], [528, 0.0005716693682850448], [529, 0.0]]
[[0, 1.0035767475281905], [280, 0.8788447606787407], [400, 0.441502179868651], [479, 0.1204804409909274], [503, 0.056659859518176446], [517, 0.03165064443932328], [525, 0.021127249815085583], [529, 0.01681367829963507], [531, 0.01488409120545203], [533, 0.01305434455606679], [535, 0.011411436134098655], [537, 0.009921631530619857], [539, 0.0085233498672564], [541, 0.007288076159425261], [543, 0.006119100031997682], [545, 0.005073146620218396], [547, 0.004220731288591942], [549, 0.0034056069473451783], [551, 0.002664594213897894], [553, 0.002043757060638888], [555, 0.00160005225361799], [557, 0.0010525765910313846], [559, 0.000769599033678317], [561, 0.00042215255625035293], [562, 0.0]]
[[0, 1.0034216678874963], [296, 0.8756775781466408], [426, 0.4208453093640778], [507, 0.114530288929898], [531, 0.05584054681155689], [547, 0.029685264274712825], [557, 0.018198359681197884], [563, 0.012931039973678077], [565, 0.011419935421206364], [567, 0.009992045338254438], [569, 0.00871335112718929], [571, 0.007557263243302424], [573, 0.00647612654850429], [575, 0.005523706304615942], [577, 0.004626019464353137], [579, 0.0038254950086796685], [581, 0.0031745198011260073], [583, 0.0025547764168507266], [585, 0.001993638353425812], [587, 0.001525072524588359], [589, 0.0011907790375489426], [591, 0.000781220004565027], [593, 0.0005696329767574085], [595, 0.0003116041804789476], [596, 0.0]]
[[0, 1.0097508396608104], [313, 0.8713797149257787], [451, 0.4085647877549666], [534, 0.11373794898659075], [560, 0.05448995420064997], [578, 0.02764306636065032], [590, 0.015639197784877195], [596, 0.011180112208678122], [600, 0.008740080606252778], [602, 0.0076298618183914995], [604, 0.0066381484683119005], [606, 0.005744025905252566], [608, 0.004910742926670226], [610, 0.00417861088452668], [612, 0.003491152059672967], [614, 0.002880050355331024], [616, 0.0023841302181950444], [618, 0.001913970173400875], [620, 0.0014898758322105467], [622, 0.0011368493451400698], [624, 0.0008854061214804021], [626, 0.0005793959372649283], [628, 0.0004213854728992674], [630, 0.00022990805249060902], [631, 0.0]]
[[0, 1.0093531730149359], [329, 0.8700145603217481], [477, 0.395507071007731], [562, 0.11198974911760715], [590, 0.05269811636949938], [608, 0.02775873688439312], [620, 0.016385302576500924], [628, 0.01082097123678969], [634, 0.007589999455562236], [636, 0.00667358162595992], [638, 0.005813240587168443], [640, 0.005046595415533788], [642, 0.004357214940417227], [644, 0.0037168089459173976], [646, 0.0031555788617899415], [648, 0.002630440417047032], [650, 0.002165038300269419], [652, 0.0017880976636462833], [654, 0.001432134162815358], [656, 0.0011121831251952256], [658, 0.0008466392935092712], [660, 0.0006578088233492235], [662, 0.0004294204883348798], [664, 0.00031155014287386667], [666, 0.00016956598253020733], [667, 0.0]]
[[0, 1.003019087453234], [344, 0.8712093708654185], [502, 0.38934739955386016], [591, 0.10946351170814671], [621, 0.05057989182567647], [641, 0.02548957036564539], [655, 0.013976212652593108], [665, 0.008311481585386889], [671, 0.005794788978152372], [673, 0.005084708187834775], [675, 0.004420070013531431], [677, 0.0038291765546021907], [679, 0.0032991555337732047], [681, 0.002808303757105983], [683, 0.002379156197272209], [685, 0.001978971237445731], [687, 0.0016252876244624247], [689, 0.0013393841404216976], [691, 0.0010703737944624033], [693, 0.0008293920204389359], [695, 0.0006299514818675029], [697, 0.000488340278655152], [699, 0.0003180635262672093], [701, 0.00023022814470611172], [703, 0.00012501430583982106], [704, 0.0]]
[[0, 1.00290038792187], [360, 0.8710618998491023], [528, 0.38194674555681185], [619, 0.11082253625931449], [653, 0.04822427918463814], [675, 0.023289199434917533], [689, 0.013043548975469273], [699, 0.007960254576992152], [705, 0.005666633655906095], [709, 0.004414896010329596], [711, 0.003866377284178242], [713, 0.003354381129757657], [715, 0.0029001796862318093], [717, 0.002493767176172858], [719, 0.002118469771635529], [721, 0.0017910982549066588], [723, 0.0014867705288698814], [725, 0.001218536196259733], [727, 0.0010020919539434356], [729, 0.0007991493070915889], [731, 0.0006179209686862245], [733, 0.0004683323337975487], [735, 0.0003622734340984849], [737, 0.00023544350145562355], [739, 0.00017005304522426347], [741, 9.21361842301775e-05], [742, 0.0]]
[[0, 1.0083105858452777], [379, 0.8663346313494158], [559, 0.3599910852617392], [652, 0.1026779366255785], [686, 0.045708387345304344], [708, 0.022778492836482284], [724, 0.012098206436048047], [736, 0.006800055240696474], [744, 0.004324700169125029], [748, 0.003357029229514433], [750, 0.0029344688230613708], [752, 0.002541107461316677], [754, 0.0021928925317490607], [756, 0.0018819987207154083], [758, 0.0015957039942679386], [760, 0.001346504208269296], [762, 0.0011155420858997363], [764, 0.0009124858303247327], [766, 0.0007489219038856203], [768, 0.0005960605297690736], [770, 0.00045996217201164615], [772, 0.0003479065055540496], [774, 0.0002685719395386053], [776, 0.00017418820897081107], [778, 0.00012554971656560901], [780, 6.788236404959869e-05], [781, 0.0]]
[[0, 1.008005857398535], [395, 0.8674084085000231], [585, 0.3577661117449867], [682, 0.10255536033858574], [718, 0.04547236660285849], [742, 0.022076159778796615], [760, 0.011150737538455429], [772, 0.0064158616794357595], [780, 0.004174172017320994], [786, 0.0028999242656744238], [790, 0.002223298707834156], [792, 0.00192182448460384], [794, 0.0016554840193857506], [796, 0.0014181984247270062], [798, 0.001200258387221269], [800, 0.0010109519595972536], [802, 0.0008359885118910198], [804, 0.0006825414718763721], [806, 0.0005591385108649503], [808, 0.0004441697651925222], [810, 0.00034209792512278293], [812, 0.0002582596896083183], [814, 0.00019898019632818211], [816, 0.00012880111148282804], [818, 9.26543094715697e-05], [820, 4.9997234978639224e-05], [821, 0.0]]
[[0, 1.0025906943542113], [412, 0.8672943764128717], [614, 0.3480564672216646], [713, 0.10166682432162491], [753, 0.042598480456961796], [779, 0.019867922355656726], [797, 0.010219581465596032], [811, 0.00544608327340484], [821, 0.003183952351077191], [827, 0.0022009923619479396], [831, 0.0016817443351872605], [833, 0.0014512230873396689], [835, 0.0012479462273562098], [837, 0.0010672207863954325], [839, 0.0009016422177312327], [841, 0.0007580973682766706], [843, 0.0006257860586415344], [845, 0.0005100099937715771], [847, 0.0004170523990502053], [849, 0.0003306995773010154], [851, 0.00025424054504037354], [853, 0.00019158089122302228], [855, 0.00014733526570282786], [857, 9.519384647896843e-05], [859, 6.835068364405794e-05], [861, 3.681330150949292e-05], [862, 0.0]]
[[0, 1.0025002355875554], [430, 0.8661352562781899], [644, 0.33774737470122634], [745, 0.10012741776450647], [787, 0.04176733954195037], [815, 0.019015016824136904], [835, 0.009323024487665383], [849, 0.005080440301686975], [859, 0.0030479731006503082], [867, 0.0019005523984940336], [871, 0.0014604928526326555], [873, 0.001270161125389315], [875, 0.0010942618017883469], [877, 0.0009394415358216427], [879, 0.0008020639629624191], [881, 0.0006764913879972176], [883, 0.00056783663958619], [885, 0.00046794043515520356], [887, 0.0003807175790712229], [889, 0.00031079184142942303], [891, 0.0002460164506190731], [893, 0.00018880779519641277], [895, 0.00014202738864422333], [897, 0.0001090332966217977], [899, 7.032262526234305e-05], [901, 5.04027645910025e-05], [903, 2.7098199494350557e-05], [904, 0.0]]
[[0, 1.0071924340454], [449, 0.8640515772355534], [675, 0.32696042568192435], [778, 0.09804216936827806], [822, 0.04066131117726705], [850, 0.019219345278994736], [872, 0.009138892700439378], [888, 0.0047056527124047995], [900, 0.0025925194241207708], [908, 0.001632018553544477], [914, 0.0011031979911892136], [916, 0.0009579369437149515], [918, 0.0008239913650689054], [920, 0.0007062939362995482], [922, 0.0006020546398536202], [924, 0.0005069832141185961], [926, 0.0004248719371826184], [928, 0.0003495612061321527], [930, 0.0002839416708832833], [932, 0.00023141243135037866], [934, 0.00018287959298347533], [936, 0.00014012093173535403], [938, 0.00010522731335179826], [940, 8.064726584871463e-05], [942, 5.19268149335193e-05], [944, 3.715462549279405e-05], [946, 1.9941455793359453e-05], [947, 0.0]]
[[0, 1.0069525971223843], [469, 0.8611293995962881], [711, 0.30539398428483605], [814, 0.09242723179051773], [858, 0.039336320646934236], [888, 0.01812783679070672], [910, 0.008872968743907906], [926, 0.0047270216919290745], [938, 0.002706624504456599], [948, 0.0015756840466324678], [954, 0.00108943283526638], [958, 0.0008321383343852044], [960, 0.0007214968484963958], [962, 0.0006196818800916605], [964, 0.0005303642790461398], [966, 0.0004514028427384942], [968, 0.0003795436132467396], [970, 0.00031758327997738505], [972, 0.0002608859818874842], [974, 0.0002115840860698201], [976, 0.00017217095516889138], [978, 0.00013584836346014075], [980, 0.00010392134859421743], [982, 7.791816852514174e-05], [984, 5.96215443409174e-05], [986, 3.832717658218744e-05], [988, 2.737944250292395e-05], [990, 1.4671010974414517e-05], [991, 0.0]]
[[0, 1.0022570829508053], [486, 0.8628853433135996], [740, 0.3043711667462643], [847, 0.09260333059311059], [895, 0.03783991174484151], [927, 0.01701091685320413], [951, 0.007967127135603087], [969, 0.003967698100413983], [981, 0.0022863853062933055], [991, 0.001343034140412285], [997, 0.0009353987261174102], [1003, 0.0006268572878342304], [1005, 0.0005427294143179806], [1007, 0.00046546974261563325], [1009, 0.0003978061078873075], [1011, 0.0003380874685627271], [1013, 0.00028385169975235887], [1015, 0.0002371642572169762], [1017, 0.00019453599883917868], [1019, 0.0001575374499225331], [1021, 0.0001280002273557841], [1023, 0.00010084444208551445], [1025, 7.702715146877771e-05], [1027, 5.766573220200866e-05], [1029, 4.4057288749176894e-05], [1031, 2.8278244470125573e-05], [1033, 2.0169542721379003e-05], [1035, 1.0790896034870498e-05], [1036, 0.0]]
[[0, 1.0021847627828666], [504, 0.863582519266183], [772, 0.29746867914914316], [883, 0.08941095158613584], [933, 0.03621528953537104], [967, 0.01588855190769474], [991, 0.007635524933037547], [1009, 0.003923181661866356], [1023, 0.002122188799365927], [1033, 0.001275242572300161], [1041, 0.000801021455775545], [1047, 0.0005416819061770224], [1051, 0.00040777116071402306], [1053, 0.0003492413976573168], [1055, 0.0002980592361959206], [1057, 0.00025296185077092914], [1059, 0.0002120838921277149], [1061, 0.00017695051508510252], [1063, 0.00014493970267765694], [1065, 0.00011720679210202402], [1067, 9.509471905049698e-05], [1069, 7.481197205825014e-05], [1071, 5.706024780245735e-05], [1073, 4.265547622998097e-05], [1075, 3.254160704926976e-05], [1077, 2.0856092394126602e-05], [1079, 1.4853723884942308e-05], [1081, 7.935035298007707e-06], [1082, 0.0]]
[[0, 1.0063047865779706], [525, 0.8608605139314767], [813, 0.2721332906818603], [922, 0.08346277342805508], [972, 0.03450091585251212], [1006, 0.015584363489976565], [1032, 0.00726736644360095], [1052, 0.00354959528246026], [1066, 0.001957797244680411], [1078, 0.001079454757873074], [1086, 0.0006848213366094598], [1092, 0.00046780293574296176], [1096, 0.00035441782908456244], [1098, 0.00030603059791545624], [1100, 0.0002617564842701401], [1102, 0.00022309830073460884], [1104, 0.00018908979848314132], [1106, 0.00015831993253473089], [1108, 0.0001319148999528712], [1110, 0.00010790372142290664], [1112, 8.713825215963554e-05], [1114, 7.060167965067046e-05], [1116, 5.546657987243177e-05], [1118, 4.2246431759325776e-05], [1120, 3.1537227036120914e-05], [1122, 2.4025926007983368e-05], [1124, 1.537660651008671e-05], [1126, 1.0935716869850483e-05], [1128, 5.833684201642859e-06], [1129, 0.0]]
[[0, 1.0061121312340382], [545, 0.8598803142214781], [857, 0.24426224218174608], [962, 0.07772593519220392], [1014, 0.0314290505496453], [1050, 0.013688696614522796], [1076, 0.0064503066039152], [1096, 0.0031992841892619058], [1112, 0.0016405638400334324], [1124, 0.0009117044892376564], [1132, 0.0005834238270542164], [1138, 0.0004016805138996626], [1142, 0.0003063513492790001], [1146, 0.00022943206625546504], [1148, 0.00019599016267449115], [1150, 0.0001668314516347261], [1152, 0.00014121846732652768], [1154, 0.00011808599178956412], [1156, 9.826309646961834e-05], [1158, 8.027247240737307e-05], [1160, 6.473933944881482e-05], [1162, 5.238445412563405e-05], [1164, 4.110000372113588e-05], [1166, 3.126260485916615e-05], [1168, 2.3306526232946755e-05], [1170, 1.7731651421443907e-05], [1172, 1.1332986376141607e-05], [1174, 8.048976700266435e-06], [1176, 4.287889482057123e-06], [1177, 0.0]]
[[0, 1.0019879440810568], [564, 0.860474784490579], [973, 0.10822853716321648], [1035, 0.043208762174827525], [1077, 0.01859917625206833], [1107, 0.008673814377424711], [1131, 0.004110669336409601], [1149, 0.0021035398015329604], [1163, 0.0011421274533550618], [1175, 0.0006209981061835144], [1183, 0.0003902239065130956], [1189, 0.00026462364815334086], [1193, 0.00019949913666268538], [1195, 0.00017183469514410192], [1197, 0.00014660808248351408], [1199, 0.00012464270485529688], [1201, 0.00010537710064238774], [1203, 8.800578855741457e-05], [1205, 7.314170378256739e-05], [1207, 5.9675494880132696e-05], [1209, 4.806742915267463e-05], [1211, 3.884494486286585e-05], [1213, 3.0438401364463484e-05], [1215, 2.3123233262132383e-05], [1217, 1.7216430240945263e-05], [1219, 1.3081396478160448e-05], [1221, 8.34998741517448e-06], [1223, 5.922660258631729e-06], [1225, 3.1510214627314906e-06]]
